Default

precision    recall  f1-score   support

  Other_data     0.9977    0.9962    0.9970      1317
Phone_number     1.0000    0.8939    0.9440       895
     Address     0.9986    0.8885    0.9403       816
         NIN     0.9908    0.7442    0.8500       727
      Person     0.9982    0.8050    0.8913       677
        Date     1.0000    0.9084    0.9520       557
       Email     0.9977    0.7354    0.8467       601
         GPE     0.9976    1.0000    0.9988       422
 Geolocation     1.0000    0.8642    0.9271       427
Organization     1.0000    0.8975    0.9460       400
      GENDER     1.0000    1.0000    1.0000         6
Registration     1.0000    0.5714    0.7273         7
 NATIONALITY     0.8333    1.0000    0.9091         5
         CCN     1.0000    1.0000    1.0000         5
       EMAIL     1.0000    1.0000    1.0000         5
   ETHNICITY     1.0000    1.0000    1.0000         5
   SEXUALITY     1.0000    1.0000    1.0000         5
   SWIFT/BIC     1.0000    0.8000    0.8889         5
     ID_CARD     0.7500    1.0000    0.8571         3
    RELIGION     1.0000    1.0000    1.0000         3
    PASSPORT     1.0000    0.6667    0.8000         3
         JOB     1.0000    1.0000    1.0000         2
        RACE     1.0000    1.0000    1.0000         2
        IBAN     1.0000    0.5000    0.6667         2

   micro avg     0.9977    0.8805    0.9355      6897
   macro avg     0.9818    0.8863    0.9226      6897
weighted avg     0.9977    0.8805    0.9330      6897
 samples avg     0.9977    0.9313    0.9535      6897


 BLANK

 precision    recall  f1-score   support

  Other_data     0.9947    0.9954    0.9951      1317
Phone_number     0.9962    0.8737    0.9310       895
     Address     0.9959    0.8971    0.9439       816
         NIN     0.9767    0.7483    0.8474       727
      Person     0.9963    0.8021    0.8887       677
        Date     0.9980    0.9102    0.9521       557
       Email     0.9977    0.7171    0.8345       601
         GPE     1.0000    1.0000    1.0000       422
 Geolocation     1.0000    0.8525    0.9204       427
Organization     0.9973    0.9175    0.9557       400
Registration     1.0000    1.0000    1.0000         7
      GENDER     1.0000    1.0000    1.0000         6
         CCN     1.0000    1.0000    1.0000         5
       EMAIL     1.0000    1.0000    1.0000         5
 NATIONALITY     1.0000    1.0000    1.0000         5
   ETHNICITY     1.0000    1.0000    1.0000         5
   SEXUALITY     1.0000    1.0000    1.0000         5
     ID_CARD     0.6000    1.0000    0.7500         3
    RELIGION     1.0000    1.0000    1.0000         3
   SWIFT/BIC     0.0000    0.0000    0.0000         5
         JOB     1.0000    1.0000    1.0000         2
        IBAN     1.0000    1.0000    1.0000         2
        RACE     1.0000    1.0000    1.0000         2
    PASSPORT     1.0000    0.3333    0.5000         3

   micro avg     0.9946    0.8778    0.9325      6897
   macro avg     0.9397    0.8770    0.8966      6897
weighted avg     0.9938    0.8778    0.9296      6897
 samples avg     0.9946    0.9285    0.9505      6897


MULTI-CLASS_BLANK

By class:
              precision    recall  f1-score   support

  Other_data     0.9947    0.9970    0.9958      1317
Phone_number     0.9989    0.9866    0.9927       895
     Address     0.9951    0.9951    0.9951       816
         NIN     0.9807    0.9807    0.9807       727
      Person     0.9985    0.9941    0.9963       677
       Email     0.9983    0.9933    0.9958       601
        Date     0.9929    0.9982    0.9955       557
 Geolocation     1.0000    0.9930    0.9965       427
         GPE     0.9976    1.0000    0.9988       422
Organization     1.0000    1.0000    1.0000       400
Registration     1.0000    1.0000    1.0000         7
   SWIFT/BIC     0.2857    0.4000    0.3333         5
      GENDER     1.0000    1.0000    1.0000         6
         CCN     1.0000    1.0000    1.0000         5
 NATIONALITY     1.0000    1.0000    1.0000         5
   ETHNICITY     1.0000    1.0000    1.0000         5
   SEXUALITY     1.0000    1.0000    1.0000         5
       EMAIL     1.0000    0.8000    0.8889         5
    PASSPORT     0.5000    1.0000    0.6667         3
     ID_CARD     0.5000    1.0000    0.6667         3
    RELIGION     1.0000    1.0000    1.0000         3
         JOB     1.0000    1.0000    1.0000         2
        IBAN     1.0000    1.0000    1.0000         2
        RACE     1.0000    1.0000    1.0000         2

   micro avg     0.9936    0.9928    0.9932      6897
   macro avg     0.9268    0.9641    0.9376      6897
weighted avg     0.9943    0.9928    0.9934      6897
 samples avg     0.9952    0.9947    0.9941      6897



 reg+match+blank

              precision    recall  f1-score   support

  Other_data     0.9954    0.9954    0.9954      1317
Phone_number     0.9977    0.9899    0.9938       895
     Address     0.9975    0.9963    0.9969       816
         NIN     0.9890    0.9849    0.9869       727
      Person     0.9985    0.9926    0.9956       677
       Email     1.0000    0.9933    0.9967       601
        Date     1.0000    1.0000    1.0000       557
 Geolocation     1.0000    0.9930    0.9965       427
         GPE     0.9953    1.0000    0.9976       422
Organization     1.0000    1.0000    1.0000       400
Registration     1.0000    1.0000    1.0000         7
   SWIFT/BIC     0.5556    1.0000    0.7143         5
      GENDER     1.0000    1.0000    1.0000         6
         CCN     0.8333    1.0000    0.9091         5
       EMAIL     1.0000    1.0000    1.0000         5
 NATIONALITY     1.0000    1.0000    1.0000         5
   ETHNICITY     1.0000    1.0000    1.0000         5
   SEXUALITY     1.0000    1.0000    1.0000         5
    PASSPORT     0.5000    1.0000    0.6667         3
     ID_CARD     0.5000    1.0000    0.6667         3
    RELIGION     1.0000    1.0000    1.0000         3
         JOB     1.0000    1.0000    1.0000         2
        IBAN     1.0000    1.0000    1.0000         2
        RACE     1.0000    1.0000    1.0000         2

+
   micro avg     0.9954    0.9941    0.9947      6897
   macro avg     0.9318    0.9977    0.9548      6897
weighted avg     0.9961    0.9941    0.9949      6897
 samples avg     0.9964    0.9957    0.9954      6897